# MEMO OF PERFORMANCES
# Shorter is better

                                1.          2.          3.          4.          5.          6.          7.          8.          9.          10.
0.4.10.2                        4.7797      1.1617      0.8074      0.2343      0.2647      0.2749      0.6367      0.3463                              (with AMD FX 8350)
0.5.0a      2015.08.28          4.6203      1.0860      0.7567      0.2213      0.2518      0.2635      0.6089      0.3315
0.5.0b      2015.09.21          4.2869      1.0140      0.6941      0.2061      0.2312      0.2471      0.5667      0.3124
0.5.0b      2015.09.21 17:42    4.307       1.016       0.6984      0.2066      0.2353      0.2479      0.5715      0.3157      0.05686     0.007637
0.5.0b      2015.09.23 22:54    4.47859     1.05899     0.732804    0.214195    0.243011    0.259232    0.598795    0.329411    0.0574977   0.00810443
0.5.0b3     2015.10.11 09:23    4.56807     1.07108     0.745156    0.21713     0.246066    0.263882    0.605003    0.331472    0.0585957   0.00798071
0.5.0b4     2015.10.25 10:36    4.68602     1.1036      0.816759    0.236306    0.263662    0.277191    0.632331    0.355515    0.059987    0.00801248  (py3.4)
0.5.0b4     2015.10.25 10:57    4.21442     0.991038    0.739702    0.212349    0.239072    0.251278    0.575609    0.318801    0.0531821   0.00738796  (py3.5)
0.5.0b6     2016.02.25 22:01    4.67677     1.09785     0.794943    0.225662    0.261311    0.274515    0.633468    0.347967    0.0592074   0.00853299
0.5.0b6     2016.03.03 11:22    4.60471     1.06554     0.774112    0.218736    0.252905    0.263989    0.610623    0.334882    0.0567706   0.00786996
0.5.0b8     2016.04.28 16:46    4.46168     1.07131     0.766851    0.215897    0.24811     0.252945    0.586484    0.318905    0.0538788   0.00748515
0.5.5       2016.05.19 17:57    4.48851     1.06935     0.766362    0.218503    0.250422    0.260964    0.604672    0.333179    0.0563006   0.00855781
0.5.7       2016.06.01 18:08    4.3773      1.04008     0.749191    0.2141      0.236444    0.245076    0.564722    0.307174    0.0540038   0.00705854  (option groups)
0.5.11      2016.10.09 16:14    4.53121     1.08698     0.760695    0.220858    0.242361    0.255862    0.606328    0.334436    0.0573431   0.00760688
0.5.12      2016.10.14 18:58    4.51895     1.0843      0.772805    0.22387     0.249411    0.261593    0.628802    0.339303    0.0570326   0.00805416
0.5.15      2017.01.22 11:44    4.85204     1.16134     0.770762    0.227874    0.244574    0.253305    0.58831     0.319987    0.0603996   0.00694786
0.5.15      2017.01.22 11:47    4.85593     1.15248     0.762924    0.22744     0.243461    0.254609    0.586741    0.317503    0.0588827   0.00701016  (unicode normalisation NFC)
0.5.15      2017.01.31 12:06    4.88227     1.18008     0.782217    0.232617    0.247672    0.257628    0.596903    0.32169     0.0603505   0.00695196
0.5.15      2017.02.05 10:10    4.90222     1.18444     0.786696    0.233413    0.25071     0.260214    0.602112    0.325235    0.0609932   0.00706897
0.5.16      2017.05.12 07:41    4.92201     1.19269     0.80639     0.239147    0.257518    0.266523    0.62111     0.33359     0.0634668   0.00757178
0.6.1       2018.02.12 09:58    5.25924     1.2649      0.878442    0.257465    0.280558    0.293903    0.686887    0.391275    0.0672474   0.00824723
0.6.2       2018.02.19 19:06    5.51302     1.29359     0.874157    0.260415    0.271596    0.290641    0.684754    0.376905    0.0815201   0.00919633  (spelling normalization)
1.0         2018.11.23 10:59    2.88577     0.702486    0.485648    0.139897    0.14079     0.148125    0.348751    0.201061    0.0360297   0.0043535   (x2, with new GC engine)
1.1         2019.05.16 09:42    1.50743     0.360923    0.261113    0.0749272   0.0763827   0.0771537   0.180504    0.102942    0.0182762   0.0021925   (×2, but new processor: AMD Ryzen 7 2700X)
1.2.1       2019.08.06 20:57    1.42886     0.358425    0.247356    0.0704405   0.0754886   0.0765604   0.177197    0.0988517   0.0188103   0.0020243
1.6.0       2020.01.03 20:22    1.38847     0.346214    0.240242    0.0709539   0.0737499   0.0748733   0.176477    0.0969171   0.0187857   0.0025143   (nouveau dictionnaire avec lemmes masculins)
1.9.0       2020.04.20 19:57    1.51183     0.369546    0.25681     0.0734314   0.0764396   0.0785668   0.183922    0.103674    0.0185812   0.002099    (NFC normalization)
1.9.2       2020.05.12 08:43    1.62465     0.398831    0.273012    0.0810811   0.080937    0.0845885   0.204133    0.114146    0.0212864   0.0029547
1.12.2      2020.09.09 13:34    1.50568     0.374504    0.233108    0.0798712   0.0804466   0.0769674   0.171519    0.0945132   0.0165344   0.0019474
1.12.2      2020.09.09 13:35    1.41094     0.359093    0.236443    0.06968     0.0734418   0.0738087   0.169371    0.0946279   0.0167106   0.0019773
1.12.2      2020.09.11 19:16    1.35297     0.330545    0.221731    0.0666998   0.0692539   0.0701707   0.160564    0.0891676   0.015807    0.0045998
